For l = 50, the hits with score above 50 are:
3213 3420 863046 863255
3215 3421 548498 548706
3215 3420 724424 724628
3215 3421 854406 854613
3215 3420 883556 883761
For l = 20, the hits with score above 50 are:
3213 3494 863046 863329
3215 3482 397946 398215
3215 3482 427255 427519
3215 3482 467683 467951
3215 3494 548498 548780
3215 3484 669196 669468
3215 3494 724424 724702
3215 3482 759851 760121
3215 3495 854406 854688
3215 3495 883556 883835
For l = 10, the hits with score above 50 are:
3212 3504 643296 643590
3213 3504 863046 863339
3215 3504 397946 398236
3215 3504 427255 427540
3215 3504 467683 467973
3215 3506 542472 542768
3215 3505 547021 547310
3215 3504 548498 548790
3215 3507 627931 628224
3215 3504 669196 669489
3215 3505 701816 702102
3215 3504 724424 724712
3215 3506 759851 760144
3215 3505 854406 854698
3215 3505 883556 883845
l-mer	Time(s)	Matches	Clusters	Filtered Hits (Score ≥ 50)
50	0.5577	303	5	5
20	0.9103	1597	10	10
10	3.8759	7844	3696	15
